#PATH-POINTS-START Path
118.03,11.803
116.03,11.828
114.032,11.901
112.036,12.024
110.043,12.199
108.057,12.428
106.078,12.715
104.108,13.061
102.15,13.469
100.207,13.941
98.282,14.484
96.377,15.094
94.496,15.772
92.642,16.521
90.817,17.339
89.026,18.228
87.276,19.196
85.566,20.234
83.899,21.338
82.278,22.509
80.713,23.754
79.199,25.06
77.736,26.424
76.332,27.848
74.987,29.328
73.697,30.856
72.465,32.431
71.295,34.053
70.179,35.713
69.118,37.408
68.118,39.14
67.17,40.901
66.272,42.687
65.429,44.501
64.636,46.337
63.888,48.192
63.186,50.064
62.532,51.954
61.918,53.858
61.344,55.774
60.812,57.701
60.318,59.639
59.859,61.586
59.433,63.54
59.044,65.502
58.686,67.469
58.357,69.442
58.057,71.419
57.788,73.401
57.544,75.386
57.325,77.374
57.133,79.365
56.964,81.358
56.818,83.352
56.693,85.348
56.59,87.346
56.506,89.344
56.442,91.343
56.397,93.342
56.368,95.342
56.356,97.342
56.36,99.342
56.379,101.342
56.412,103.342
56.458,105.341
56.516,107.34
56.584,109.339
56.662,111.338
56.746,113.336
56.836,115.334
56.927,117.332
57.015,119.33
57.092,121.328
57.143,123.328
58.017,124.897
59.612,126.104
61.223,127.289
62.844,128.461
64.473,129.621
66.117,130.76
67.772,131.883
69.437,132.99
71.114,134.081
72.806,135.147
74.509,136.195
76.224,137.225
77.95,138.235
79.692,139.218
81.446,140.178
83.213,141.115
84.992,142.028
86.785,142.914
88.591,143.774
90.413,144.6
92.247,145.395
94.096,146.159
95.958,146.889
97.833,147.583
99.722,148.239
101.625,148.856
103.541,149.429
105.47,149.958
107.411,150.439
109.364,150.87
111.328,151.247
113.302,151.568
115.285,151.821
117.276,152.011
119.272,152.132
121.271,152.182
123.271,152.148
125.267,152.028
127.256,151.824
129.232,151.517
131.191,151.112
133.123,150.599
135.023,149.974
136.879,149.231
138.685,148.374
140.424,147.387
142.093,146.286
143.675,145.063
145.159,143.723
146.541,142.279
147.809,140.733
148.955,139.094
149.982,137.379
150.884,135.594
151.659,133.751
152.319,131.864
152.852,129.936
153.279,127.983
153.59,126.008
153.807,124.02
153.916,122.023
153.941,120.023
153.876,118.025
153.728,116.03
153.508,114.043
153.215,112.064
152.851,110.098
152.425,108.144
151.941,106.204
151.401,104.278
150.809,102.368
150.164,100.475
149.472,98.598
148.735,96.739
147.956,94.897
147.137,93.073
146.28,91.266
145.387,89.476
144.46,87.704
143.5,85.95
142.508,84.213
141.487,82.493
140.437,80.791
139.357,79.108
138.251,77.441
137.121,75.792
135.967,74.158
133.751,71.144
133.751,71.144
#PATH.JERRYIO-DATA {"appVersion": "0.8.3", "format": "path.jerryio v0.1", "gc": {"robotWidth": 18, "robotHeight": 18, "robotIsHolonomic": false, "showRobot": false, "uol": 1, "pointDensity": 2, "controlMagnetDistance": 1.968503937007874, "fieldImage": {"displayName": "V5RC 2025 - High Stakes (Skills)", "signature": "V5RC 2025 - High Stakes (Skills)", "origin": {"__type": "built-in"}}, "coordinateSystem": "VEX Gaming Positioning System"}, "paths": [{"segments": [{"controls": [{"uid": "mezLrbLC4F", "x": 118.03, "y": 11.803, "lock": false, "visible": true, "heading": 0, "__type": "end-point"}, {"uid": "r8jyCCnZnI", "x": 133.751, "y": 71.144, "lock": false, "visible": true, "heading": 0, "__type": "end-point"}], "speedProfiles": [], "lookaheadKeyframes": [], "uid": "B0kX7FPQ7z"}], "pc": {"speedLimit": {"minLimit": {"value": 0, "label": "0"}, "maxLimit": {"value": 600, "label": "600"}, "step": 1, "from": 40, "to": 120}, "bentRateApplicableRange": {"minLimit": {"value": 0, "label": "0"}, "maxLimit": {"value": 1, "label": "1"}, "step": 0.001, "from": 0, "to": 0.1}}, "name": "Path", "uid": "xQ7Elwl6qZ", "lock": false, "visible": true}]}
