#PATH-POINTS-START Path
78.037,126.338
76.04,126.448
74.046,126.6
72.056,126.795
70.07,127.03
68.089,127.31
66.116,127.636
64.15,128.002
62.192,128.407
60.243,128.858
58.304,129.348
56.375,129.874
54.457,130.443
52.55,131.045
50.655,131.683
48.77,132.354
46.897,133.054
45.035,133.785
43.184,134.54
41.342,135.321
39.509,136.121
37.685,136.941
35.867,137.775
34.055,138.621
32.247,139.475
30.44,140.333
28.633,141.191
26.825,142.045
25.011,142.888
23.191,143.717
21.361,144.523
19.518,145.301
17.661,146.042
15.786,146.739
13.892,147.38
11.976,147.955
10.039,148.453
8.081,148.86
6.105,149.164
4.114,149.354
2.116,149.419
0.117,149.351
-1.872,149.146
-3.842,148.804
-5.784,148.327
-7.69,147.722
-9.554,146.999
-11.374,146.17
-13.148,145.247
-14.871,144.232
-16.55,143.146
-18.181,141.988
-19.773,140.777
-21.318,139.509
-22.828,138.197
-24.303,136.846
-25.742,135.458
-27.149,134.037
-28.528,132.587
-29.879,131.113
-31.205,129.616
-32.507,128.098
-33.787,126.561
-35.045,125.007
-36.285,123.437
-37.506,121.853
-38.71,120.256
-40.027,118.905
-42.027,118.93
-44.027,118.955
-46.027,118.981
-48.027,119.006
-50.026,119.032
-52.026,119.057
-54.026,119.083
-56.026,119.108
-58.026,119.134
-60.026,119.159
-62.025,119.184
-64.025,119.21
-66.025,119.235
-68.025,119.261
-70.025,119.286
-72.025,119.312
-74.024,119.337
-76.024,119.363
-78.024,119.388
-80.024,119.413
-82.024,119.439
-84.024,119.464
-86.024,119.49
-88.023,119.515
-90.023,119.541
-92.023,119.566
-94.023,119.592
-96.023,119.617
-98.023,119.643
-100.022,119.668
-102.022,119.693
-104.022,119.719
-106.022,119.744
-108.022,119.77
-110.022,119.795
-112.021,119.821
-114.021,119.846
-116.021,119.872
-118.021,119.897
-120.021,119.922
-122.021,119.948
-124.02,119.973
-126.02,119.999
-128.02,120.024
-130.02,120.05
-132.02,120.075
-134.02,120.101
-136.019,120.126
-138.019,120.151
-140.019,120.177
-142.019,120.202
-144.019,120.228
-146.019,120.253
-148.019,120.279
-150.018,120.304
-152.018,120.33
-154.018,120.355
#PATH.JERRYIO-DATA {"appVersion": "0.8.3", "format": "path.jerryio v0.1", "gc": {"robotWidth": 18, "robotHeight": 18, "robotIsHolonomic": false, "showRobot": false, "uol": 1, "pointDensity": 2, "controlMagnetDistance": 1.968503937007874, "fieldImage": {"displayName": "V5RC 2025 - High Stakes (Skills)", "signature": "V5RC 2025 - High Stakes (Skills)", "origin": {"__type": "built-in"}}, "coordinateSystem": "VEX Gaming Positioning System"}, "paths": [{"segments": [{"controls": [{"uid": "mezLrbLC4F", "x": 78.037, "y": 126.338, "lock": false, "visible": true, "heading": 0, "__type": "end-point"}, {"uid": "r8jyCCnZnI", "x": -154.018, "y": 120.355, "lock": false, "visible": true, "heading": 0, "__type": "end-point"}], "speedProfiles": [], "lookaheadKeyframes": [], "uid": "B0kX7FPQ7z"}], "pc": {"speedLimit": {"minLimit": {"value": 0, "label": "0"}, "maxLimit": {"value": 600, "label": "600"}, "step": 1, "from": 40, "to": 120}, "bentRateApplicableRange": {"minLimit": {"value": 0, "label": "0"}, "maxLimit": {"value": 1, "label": "1"}, "step": 0.001, "from": 0, "to": 0.1}}, "name": "Path", "uid": "xQ7Elwl6qZ", "lock": false, "visible": true}]}
