#PATH-POINTS-START Path
9.329,109.871,120,0
11.228,108.185,120
13.128,106.499,120
15.028,104.813,120
16.928,103.127,120
18.827,101.441,120
20.727,99.755,120
22.627,98.069,120
24.526,96.383,120
26.426,94.697,120
28.326,93.011,120
30.226,91.325,120
32.125,89.639,120
34.025,87.953,120
35.925,86.267,120
37.825,84.581,120
39.724,82.895,120
41.624,81.209,120
43.524,79.523,120
45.424,77.837,120
47.323,76.151,120
49.223,74.465,120
51.123,72.779,120
53.022,71.093,120
54.922,69.407,120
56.822,67.721,120
58.722,66.035,120
60.621,64.349,120
62.521,62.663,120
64.421,60.977,120
66.321,59.29,120
68.22,57.604,120
70.12,55.918,120
72.02,54.232,120
73.919,52.546,120
75.819,50.86,120
77.719,49.174,120
79.619,47.488,120
81.518,45.802,120
83.418,44.116,120
85.318,42.43,120
87.218,40.744,120
89.117,39.058,120
91.017,37.372,120
92.917,35.686,120
94.816,34,120
96.716,32.314,120
98.616,30.628,120
100.516,28.942,120
102.415,27.256,120
104.315,25.57,120
106.215,23.884,120
108.115,22.198,120
110.014,20.512,120
111.914,18.826,120
113.814,17.14,120
115.713,15.454,120
117.613,13.768,120
119.513,12.082,120
121.413,10.396,120
123.312,8.71,120
125.212,7.024,120
127.112,5.338,120
129.012,3.652,120
130.911,1.966,120
132.811,0.28,120,0
132.738,-1.436,120
130.89,-3.179,120
129.043,-4.922,120
127.195,-6.665,120
125.348,-8.408,120
123.5,-10.151,120
121.653,-11.894,120
119.805,-13.637,120
117.957,-15.38,120
116.11,-17.123,120
114.262,-18.866,120
112.415,-20.609,120
110.567,-22.352,120
108.719,-24.095,120
106.872,-25.838,120
105.024,-27.581,120
103.177,-29.324,120
101.329,-31.067,120
99.482,-32.81,120
97.634,-34.553,120
95.786,-36.296,120
93.939,-38.039,120
92.091,-39.782,120
90.244,-41.525,120
88.396,-43.268,120
86.549,-45.011,120
84.701,-46.754,120
82.853,-48.497,120
81.006,-50.24,120
79.158,-51.983,120
77.311,-53.726,120
75.463,-55.469,120
73.615,-57.212,120
71.768,-58.955,120
69.92,-60.698,120
68.073,-62.441,120
66.225,-64.184,120
64.378,-65.927,120
62.53,-67.67,120
60.682,-69.413,120
58.835,-71.156,120
56.987,-72.899,120
55.14,-74.642,120
53.292,-76.385,120
51.445,-78.128,120
49.597,-79.871,120
47.749,-81.614,120
45.902,-83.357,120
44.054,-85.1,120
42.207,-86.843,120
40.359,-88.586,120
38.511,-90.329,120
36.664,-92.072,120
34.816,-93.815,120
32.969,-95.558,120
31.121,-97.301,120
29.274,-99.044,120
27.426,-100.787,120
25.578,-102.53,120
23.731,-104.273,120
21.883,-106.016,120
20.036,-107.759,120
18.188,-109.502,120
16.34,-111.245,120
14.493,-112.988,120
12.645,-114.731,120
10.798,-116.474,120
8.95,-118.217,120
7.103,-119.96,120
5.255,-121.703,120
3.407,-123.446,120
1.56,-125.189,120
-0.288,-126.932,120
-2.135,-128.675,120
-3.975,-129.74,120,0
-5.782,-127.955,120
-7.589,-126.17,120
-9.396,-124.385,120
-11.203,-122.6,120
-13.011,-120.815,120
-14.818,-119.03,120
-16.625,-117.245,120
-18.432,-115.46,120
-20.239,-113.675,120
-22.046,-111.89,120
-23.853,-110.105,120
-25.66,-108.32,120
-27.467,-106.535,120
-29.274,-104.75,120
-31.081,-102.966,120
-32.888,-101.181,120
-34.695,-99.396,120
-36.503,-97.611,120
-38.31,-95.826,120
-40.117,-94.041,120
-41.924,-92.256,120
-43.731,-90.471,120
-45.538,-88.686,120
-47.345,-86.901,120
-49.152,-85.116,120
-50.959,-83.331,120
-52.766,-81.546,120
-54.573,-79.761,120
-56.38,-77.976,120
-58.188,-76.191,120
-59.995,-74.406,120
-61.802,-72.621,120
-63.609,-70.836,120
-65.416,-69.051,120
-67.223,-67.266,120
-69.03,-65.481,120
-70.837,-63.697,120
-72.644,-61.912,120
-74.451,-60.127,120
-76.258,-58.342,120
-78.065,-56.557,120
-79.873,-54.772,120
-81.68,-52.987,120
-83.487,-51.202,120
-85.294,-49.417,120
-87.101,-47.632,120
-88.908,-45.847,120
-90.715,-44.062,120
-92.522,-42.277,120
-94.329,-40.492,120
-96.136,-38.707,120
-97.943,-36.922,120
-99.75,-35.137,120
-101.557,-33.352,120
-103.365,-31.567,120
-105.172,-29.782,120
-106.979,-27.997,120
-108.786,-26.213,120
-110.593,-24.428,120
-112.4,-22.643,120
-114.207,-20.858,120
-116.014,-19.073,120
-117.821,-17.288,120
-119.628,-15.503,120
-121.435,-13.718,120
-123.242,-11.933,120
-125.05,-10.148,120
-126.857,-8.363,120
-128.664,-6.578,120
-130.471,-4.793,120,0
-128.898,-3.035,120
-127.063,-1.28,120
-125.227,0.476,120
-123.391,2.232,120
-121.556,3.988,120
-119.72,5.743,120
-117.885,7.499,120
-116.049,9.255,120
-114.214,11.01,120
-112.378,12.766,120
-110.543,14.522,120
-108.707,16.277,120
-106.872,18.033,120
-105.036,19.789,120
-103.201,21.545,120
-101.365,23.3,120
-99.53,25.056,120
-97.694,26.812,120
-95.859,28.567,120
-94.023,30.323,120
-92.188,32.079,120
-90.352,33.835,120
-88.517,35.59,120
-86.681,37.346,120
-84.846,39.102,120
-83.01,40.857,120
-81.175,42.613,120
-79.339,44.369,120
-77.504,46.124,120
-75.668,47.88,120
-73.833,49.636,120
-71.997,51.392,120
-70.162,53.147,120
-68.326,54.903,120
-66.491,56.659,120
-64.655,58.414,120
-62.82,60.17,120
-60.984,61.926,120
-59.149,63.682,120
-57.313,65.437,120
-55.478,67.193,120
-53.642,68.949,120
-51.807,70.704,120
-49.971,72.46,120
-48.136,74.216,120
-46.3,75.971,120
-44.465,77.727,120
-42.629,79.483,120
-40.794,81.239,120
-38.958,82.994,120
-37.123,84.75,120
-35.287,86.506,120
-33.451,88.261,120
-31.616,90.017,120
-29.78,91.773,120
-27.945,93.529,120
-26.109,95.284,120
-24.274,97.04,120
-22.438,98.796,120
-20.603,100.551,120
-18.767,102.307,120
-16.932,104.063,120
-15.096,105.818,120
-13.261,107.574,120
-11.402,109.353,120,0
-11.402,109.353,0,0
#PATH.JERRYIO-DATA {"appVersion":"0.8.3","format":"path.jerryio v0.1","gc":{"robotWidth":18,"robotHeight":18,"robotIsHolonomic":false,"showRobot":true,"uol":2.54,"pointDensity":1,"controlMagnetDistance":1.968503937007874,"fieldImage":{"displayName":"V5RC 2025 - High Stakes","signature":"V5RC 2025 - High Stakes","origin":{"__type":"built-in"}},"coordinateSystem":"VEX Gaming Positioning System"},"paths":[{"segments":[{"controls":[{"uid":"tKt93OqQV4","x":3.6726975139343536,"y":43.256215164115716,"lock":false,"visible":true,"heading":0,"__type":"end-point"},{"uid":"kNQzuoWwck","x":52.641997699725735,"y":-0.20403875077413075,"lock":false,"visible":true,"heading":0,"__type":"end-point"}],"speedProfiles":[],"lookaheadKeyframes":[],"uid":"D18fbUurAe"},{"controls":[{"uid":"kNQzuoWwck","x":52.641997699725735,"y":-0.20403875077413075,"lock":false,"visible":true,"heading":0,"__type":"end-point"},{"uid":"cyTQRN5ZRW","x":-1.4282712554189152,"y":-51.21372644430682,"lock":false,"visible":true,"heading":0,"__type":"end-point"}],"speedProfiles":[],"lookaheadKeyframes":[],"uid":"ZiZfXy1gnS"},{"controls":[{"uid":"cyTQRN5ZRW","x":-1.4282712554189152,"y":-51.21372644430682,"lock":false,"visible":true,"heading":0,"__type":"end-point"},{"uid":"T23DXf460A","x":-51.417765195080946,"y":-1.8363487569671768,"lock":false,"visible":true,"heading":0,"__type":"end-point"}],"speedProfiles":[],"lookaheadKeyframes":[],"uid":"6OKzbmG6BU"},{"controls":[{"uid":"T23DXf460A","x":-51.417765195080946,"y":-1.8363487569671768,"lock":false,"visible":true,"heading":0,"__type":"end-point"},{"uid":"vAwsSeJ2wv","x":-4.488852517030876,"y":43.05217641334159,"lock":false,"visible":true,"heading":0,"__type":"end-point"}],"speedProfiles":[],"lookaheadKeyframes":[],"uid":"3qRUn6UXWt"}],"pc":{"speedLimit":{"minLimit":{"value":0,"label":"0"},"maxLimit":{"value":600,"label":"600"},"step":1,"from":40,"to":120},"bentRateApplicableRange":{"minLimit":{"value":0,"label":"0"},"maxLimit":{"value":1,"label":"1"},"step":0.001,"from":0,"to":0.1}},"name":"Path","uid":"pjhHf8HtB9","lock":false,"visible":true}]}